bba  0.000000  4.000000  4.472133  4.472136  4.000000  4.000000  0.000000  4.000000  4.472133  4.000000  4.472136  4.000000  4.000000  0.000000  4.472136  4.472136  4.472133  4.000000  4.000000  4.472133  0.000000  4.472133  0.000000  4.472133  0.000000  4.472136  0.000000  4.472136  4.000000  4.472133  4.000000  4.000000  0.000000  0.000000  4.472136  4.000000  4.472136  0.000000  0.000000  4.472133  4.472136  4.000000  4.472136  4.472133  4.000000  0.000000  0.000000  4.000000  4.000000  4.472133  4.472136  4.472136  0.000000  4.472136
bad  4.000000  0.000000  5.999997  2.000000  0.000000  0.000000  4.000000  0.000000  5.999997  0.000000  2.000000  0.000000  0.000000  4.000000  2.000000  2.000000  5.999997  0.000000  0.000000  5.999997  4.000000  5.999997  4.000000  5.999997  4.000000  2.000000  4.000000  2.000000  0.000000  5.999997  0.000000  0.000000  4.000000  4.000000  2.000000  0.000000  2.000000  4.000000  4.000000  5.999997  2.000000  0.000000  2.000000  5.999997  0.000000  4.000000  4.000000  0.000000  0.000000  5.999997  2.000000  2.000000  4.000000  2.000000
adc  4.472133  5.999997  0.000000  6.324553  5.999997  5.999997  4.472133  5.999997  0.000000  5.999997  6.324553  5.999997  5.999997  4.472133  6.324553  6.324553  0.000000  5.999997  5.999997  0.000000  4.472133  0.000000  4.472133  0.000000  4.472133  6.324553  4.472133  6.324553  5.999997  0.000000  5.999997  5.999997  4.472133  4.472133  6.324553  5.999997  6.324553  4.472133  4.472133  0.000000  6.324553  5.999997  6.324553  0.000000  5.999997  4.472133  4.472133  5.999997  5.999997  0.000000  6.324553  6.324553  4.472133  6.324553
dcb  4.472136  2.000000  6.324553  0.000000  2.000000  2.000000  4.472136  2.000000  6.324553  2.000000  0.000000  2.000000  2.000000  4.472136  0.000000  0.000000  6.324553  2.000000  2.000000  6.324553  4.472136  6.324553  4.472136  6.324553  4.472136  0.000000  4.472136  0.000000  2.000000  6.324553  2.000000  2.000000  4.472136  4.472136  0.000000  2.000000  0.000000  4.472136  4.472136  6.324553  0.000000  2.000000  0.000000  6.324553  2.000000  4.472136  4.472136  2.000000  2.000000  6.324553  0.000000  0.000000  4.472136  0.000000
cbd  4.000000  0.000000  5.999997  2.000000  0.000000  0.000000  4.000000  0.000000  5.999997  0.000000  2.000000  0.000000  0.000000  4.000000  2.000000  2.000000  5.999997  0.000000  0.000000  5.999997  4.000000  5.999997  4.000000  5.999997  4.000000  2.000000  4.000000  2.000000  0.000000  5.999997  0.000000  0.000000  4.000000  4.000000  2.000000  0.000000  2.000000  4.000000  4.000000  5.999997  2.000000  0.000000  2.000000  5.999997  0.000000  4.000000  4.000000  0.000000  0.000000  5.999997  2.000000  2.000000  4.000000  2.000000
bda  4.000000  0.000000  5.999997  2.000000  0.000000  0.000000  4.000000  0.000000  5.999997  0.000000  2.000000  0.000000  0.000000  4.000000  2.000000  2.000000  5.999997  0.000000  0.000000  5.999997  4.000000  5.999997  4.000000  5.999997  4.000000  2.000000  4.000000  2.000000  0.000000  5.999997  0.000000  0.000000  4.000000  4.000000  2.000000  0.000000  2.000000  4.000000  4.000000  5.999997  2.000000  0.000000  2.000000  5.999997  0.000000  4.000000  4.000000  0.000000  0.000000  5.999997  2.000000  2.000000  4.000000  2.000000
dac  0.000000  4.000000  4.472133  4.472136  4.000000  4.000000  0.000000  4.000000  4.472133  4.000000  4.472136  4.000000  4.000000  0.000000  4.472136  4.472136  4.472133  4.000000  4.000000  4.472133  0.000000  4.472133  0.000000  4.472133  0.000000  4.472136  0.000000  4.472136  4.000000  4.472133  4.000000  4.000000  0.000000  0.000000  4.472136  4.000000  4.472136  0.000000  0.000000  4.472133  4.472136  4.000000  4.472136  4.472133  4.000000  0.000000  0.000000  4.000000  4.000000  4.472133  4.472136  4.472136  0.000000  4.472136
acd  4.000000  0.000000  5.999997  2.000000  0.000000  0.000000  4.000000  0.000000  5.999997  0.000000  2.000000  0.000000  0.000000  4.000000  2.000000  2.000000  5.999997  0.000000  0.000000  5.999997  4.000000  5.999997  4.000000  5.999997  4.000000  2.000000  4.000000  2.000000  0.000000  5.999997  0.000000  0.000000  4.000000  4.000000  2.000000  0.000000  2.000000  4.000000  4.000000  5.999997  2.000000  0.000000  2.000000  5.999997  0.000000  4.000000  4.000000  0.000000  0.000000  5.999997  2.000000  2.000000  4.000000  2.000000
cdc  4.472133  5.999997  0.000000  6.324553  5.999997  5.999997  4.472133  5.999997  0.000000  5.999997  6.324553  5.999997  5.999997  4.472133  6.324553  6.324553  0.000000  5.999997  5.999997  0.000000  4.472133  0.000000  4.472133  0.000000  4.472133  6.324553  4.472133  6.324553  5.999997  0.000000  5.999997  5.999997  4.472133  4.472133  6.324553  5.999997  6.324553  4.472133  4.472133  0.000000  6.324553  5.999997  6.324553  0.000000  5.999997  4.472133  4.472133  5.999997  5.999997  0.000000  6.324553  6.324553  4.472133  6.324553
dcc  4.000000  0.000000  5.999997  2.000000  0.000000  0.000000  4.000000  0.000000  5.999997  0.000000  2.000000  0.000000  0.000000  4.000000  2.000000  2.000000  5.999997  0.000000  0.000000  5.999997  4.000000  5.999997  4.000000  5.999997  4.000000  2.000000  4.000000  2.000000  0.000000  5.999997  0.000000  0.000000  4.000000  4.000000  2.000000  0.000000  2.000000  4.000000  4.000000  5.999997  2.000000  0.000000  2.000000  5.999997  0.000000  4.000000  4.000000  0.000000  0.000000  5.999997  2.000000  2.000000  4.000000  2.000000
cca  4.472136  2.000000  6.324553  0.000000  2.000000  2.000000  4.472136  2.000000  6.324553  2.000000  0.000000  2.000000  2.000000  4.472136  0.000000  0.000000  6.324553  2.000000  2.000000  6.324553  4.472136  6.324553  4.472136  6.324553  4.472136  0.000000  4.472136  0.000000  2.000000  6.324553  2.000000  2.000000  4.472136  4.472136  0.000000  2.000000  0.000000  4.472136  4.472136  6.324553  0.000000  2.000000  0.000000  6.324553  2.000000  4.472136  4.472136  2.000000  2.000000  6.324553  0.000000  0.000000  4.472136  0.000000
caa  4.000000  0.000000  5.999997  2.000000  0.000000  0.000000  4.000000  0.000000  5.999997  0.000000  2.000000  0.000000  0.000000  4.000000  2.000000  2.000000  5.999997  0.000000  0.000000  5.999997  4.000000  5.999997  4.000000  5.999997  4.000000  2.000000  4.000000  2.000000  0.000000  5.999997  0.000000  0.000000  4.000000  4.000000  2.000000  0.000000  2.000000  4.000000  4.000000  5.999997  2.000000  0.000000  2.000000  5.999997  0.000000  4.000000  4.000000  0.000000  0.000000  5.999997  2.000000  2.000000  4.000000  2.000000
aaa  4.000000  0.000000  5.999997  2.000000  0.000000  0.000000  4.000000  0.000000  5.999997  0.000000  2.000000  0.000000  0.000000  4.000000  2.000000  2.000000  5.999997  0.000000  0.000000  5.999997  4.000000  5.999997  4.000000  5.999997  4.000000  2.000000  4.000000  2.000000  0.000000  5.999997  0.000000  0.000000  4.000000  4.000000  2.000000  0.000000  2.000000  4.000000  4.000000  5.999997  2.000000  0.000000  2.000000  5.999997  0.000000  4.000000  4.000000  0.000000  0.000000  5.999997  2.000000  2.000000  4.000000  2.000000
aac  0.000000  4.000000  4.472133  4.472136  4.000000  4.000000  0.000000  4.000000  4.472133  4.000000  4.472136  4.000000  4.000000  0.000000  4.472136  4.472136  4.472133  4.000000  4.000000  4.472133  0.000000  4.472133  0.000000  4.472133  0.000000  4.472136  0.000000  4.472136  4.000000  4.472133  4.000000  4.000000  0.000000  0.000000  4.472136  4.000000  4.472136  0.000000  0.000000  4.472133  4.472136  4.000000  4.472136  4.472133  4.000000  0.000000  0.000000  4.000000  4.000000  4.472133  4.472136  4.472136  0.000000  4.472136
aca  4.472136  2.000000  6.324553  0.000000  2.000000  2.000000  4.472136  2.000000  6.324553  2.000000  0.000000  2.000000  2.000000  4.472136  0.000000  0.000000  6.324553  2.000000  2.000000  6.324553  4.472136  6.324553  4.472136  6.324553  4.472136  0.000000  4.472136  0.000000  2.000000  6.324553  2.000000  2.000000  4.472136  4.472136  0.000000  2.000000  0.000000  4.472136  4.472136  6.324553  0.000000  2.000000  0.000000  6.324553  2.000000  4.472136  4.472136  2.000000  2.000000  6.324553  0.000000  0.000000  4.472136  0.000000
cac  4.472136  2.000000  6.324553  0.000000  2.000000  2.000000  4.472136  2.000000  6.324553  2.000000  0.000000  2.000000  2.000000  4.472136  0.000000  0.000000  6.324553  2.000000  2.000000  6.324553  4.472136  6.324553  4.472136  6.324553  4.472136  0.000000  4.472136  0.000000  2.000000  6.324553  2.000000  2.000000  4.472136  4.472136  0.000000  2.000000  0.000000  4.472136  4.472136  6.324553  0.000000  2.000000  0.000000  6.324553  2.000000  4.472136  4.472136  2.000000  2.000000  6.324553  0.000000  0.000000  4.472136  0.000000
cab  4.472133  5.999997  0.000000  6.324553  5.999997  5.999997  4.472133  5.999997  0.000000  5.999997  6.324553  5.999997  5.999997  4.472133  6.324553  6.324553  0.000000  5.999997  5.999997  0.000000  4.472133  0.000000  4.472133  0.000000  4.472133  6.324553  4.472133  6.324553  5.999997  0.000000  5.999997  5.999997  4.472133  4.472133  6.324553  5.999997  6.324553  4.472133  4.472133  0.000000  6.324553  5.999997  6.324553  0.000000  5.999997  4.472133  4.472133  5.999997  5.999997  0.000000  6.324553  6.324553  4.472133  6.324553
abd  4.000000  0.000000  5.999997  2.000000  0.000000  0.000000  4.000000  0.000000  5.999997  0.000000  2.000000  0.000000  0.000000  4.000000  2.000000  2.000000  5.999997  0.000000  0.000000  5.999997  4.000000  5.999997  4.000000  5.999997  4.000000  2.000000  4.000000  2.000000  0.000000  5.999997  0.000000  0.000000  4.000000  4.000000  2.000000  0.000000  2.000000  4.000000  4.000000  5.999997  2.000000  0.000000  2.000000  5.999997  0.000000  4.000000  4.000000  0.000000  0.000000  5.999997  2.000000  2.000000  4.000000  2.000000
bdc  4.000000  0.000000  5.999997  2.000000  0.000000  0.000000  4.000000  0.000000  5.999997  0.000000  2.000000  0.000000  0.000000  4.000000  2.000000  2.000000  5.999997  0.000000  0.000000  5.999997  4.000000  5.999997  4.000000  5.999997  4.000000  2.000000  4.000000  2.000000  0.000000  5.999997  0.000000  0.000000  4.000000  4.000000  2.000000  0.000000  2.000000  4.000000  4.000000  5.999997  2.000000  0.000000  2.000000  5.999997  0.000000  4.000000  4.000000  0.000000  0.000000  5.999997  2.000000  2.000000  4.000000  2.000000
dcd  4.472133  5.999997  0.000000  6.324553  5.999997  5.999997  4.472133  5.999997  0.000000  5.999997  6.324553  5.999997  5.999997  4.472133  6.324553  6.324553  0.000000  5.999997  5.999997  0.000000  4.472133  0.000000  4.472133  0.000000  4.472133  6.324553  4.472133  6.324553  5.999997  0.000000  5.999997  5.999997  4.472133  4.472133  6.324553  5.999997  6.324553  4.472133  4.472133  0.000000  6.324553  5.999997  6.324553  0.000000  5.999997  4.472133  4.472133  5.999997  5.999997  0.000000  6.324553  6.324553  4.472133  6.324553
cdd  0.000000  4.000000  4.472133  4.472136  4.000000  4.000000  0.000000  4.000000  4.472133  4.000000  4.472136  4.000000  4.000000  0.000000  4.472136  4.472136  4.472133  4.000000  4.000000  4.472133  0.000000  4.472133  0.000000  4.472133  0.000000  4.472136  0.000000  4.472136  4.000000  4.472133  4.000000  4.000000  0.000000  0.000000  4.472136  4.000000  4.472136  0.000000  0.000000  4.472133  4.472136  4.000000  4.472136  4.472133  4.000000  0.000000  0.000000  4.000000  4.000000  4.472133  4.472136  4.472136  0.000000  4.472136
dda  4.472133  5.999997  0.000000  6.324553  5.999997  5.999997  4.472133  5.999997  0.000000  5.999997  6.324553  5.999997  5.999997  4.472133  6.324553  6.324553  0.000000  5.999997  5.999997  0.000000  4.472133  0.000000  4.472133  0.000000  4.472133  6.324553  4.472133  6.324553  5.999997  0.000000  5.999997  5.999997  4.472133  4.472133  6.324553  5.999997  6.324553  4.472133  4.472133  0.000000  6.324553  5.999997  6.324553  0.000000  5.999997  4.472133  4.472133  5.999997  5.999997  0.000000  6.324553  6.324553  4.472133  6.324553
dad  0.000000  4.000000  4.472133  4.472136  4.000000  4.000000  0.000000  4.000000  4.472133  4.000000  4.472136  4.000000  4.000000  0.000000  4.472136  4.472136  4.472133  4.000000  4.000000  4.472133  0.000000  4.472133  0.000000  4.472133  0.000000  4.472136  0.000000  4.472136  4.000000  4.472133  4.000000  4.000000  0.000000  0.000000  4.472136  4.000000  4.472136  0.000000  0.000000  4.472133  4.472136  4.000000  4.472136  4.472133  4.000000  0.000000  0.000000  4.000000  4.000000  4.472133  4.472136  4.472136  0.000000  4.472136
adb  4.472133  5.999997  0.000000  6.324553  5.999997  5.999997  4.472133  5.999997  0.000000  5.999997  6.324553  5.999997  5.999997  4.472133  6.324553  6.324553  0.000000  5.999997  5.999997  0.000000  4.472133  0.000000  4.472133  0.000000  4.472133  6.324553  4.472133  6.324553  5.999997  0.000000  5.999997  5.999997  4.472133  4.472133  6.324553  5.999997  6.324553  4.472133  4.472133  0.000000  6.324553  5.999997  6.324553  0.000000  5.999997  4.472133  4.472133  5.999997  5.999997  0.000000  6.324553  6.324553  4.472133  6.324553
dbd  0.000000  4.000000  4.472133  4.472136  4.000000  4.000000  0.000000  4.000000  4.472133  4.000000  4.472136  4.000000  4.000000  0.000000  4.472136  4.472136  4.472133  4.000000  4.000000  4.472133  0.000000  4.472133  0.000000  4.472133  0.000000  4.472136  0.000000  4.472136  4.000000  4.472133  4.000000  4.000000  0.000000  0.000000  4.472136  4.000000  4.472136  0.000000  0.000000  4.472133  4.472136  4.000000  4.472136  4.472133  4.000000  0.000000  0.000000  4.000000  4.000000  4.472133  4.472136  4.472136  0.000000  4.472136
bdb  4.472136  2.000000  6.324553  0.000000  2.000000  2.000000  4.472136  2.000000  6.324553  2.000000  0.000000  2.000000  2.000000  4.472136  0.000000  0.000000  6.324553  2.000000  2.000000  6.324553  4.472136  6.324553  4.472136  6.324553  4.472136  0.000000  4.472136  0.000000  2.000000  6.324553  2.000000  2.000000  4.472136  4.472136  0.000000  2.000000  0.000000  4.472136  4.472136  6.324553  0.000000  2.000000  0.000000  6.324553  2.000000  4.472136  4.472136  2.000000  2.000000  6.324553  0.000000  0.000000  4.472136  0.000000
dba  0.000000  4.000000  4.472133  4.472136  4.000000  4.000000  0.000000  4.000000  4.472133  4.000000  4.472136  4.000000  4.000000  0.000000  4.472136  4.472136  4.472133  4.000000  4.000000  4.472133  0.000000  4.472133  0.000000  4.472133  0.000000  4.472136  0.000000  4.472136  4.000000  4.472133  4.000000  4.000000  0.000000  0.000000  4.472136  4.000000  4.472136  0.000000  0.000000  4.472133  4.472136  4.000000  4.472136  4.472133  4.000000  0.000000  0.000000  4.000000  4.000000  4.472133  4.472136  4.472136  0.000000  4.472136
bab  4.472136  2.000000  6.324553  0.000000  2.000000  2.000000  4.472136  2.000000  6.324553  2.000000  0.000000  2.000000  2.000000  4.472136  0.000000  0.000000  6.324553  2.000000  2.000000  6.324553  4.472136  6.324553  4.472136  6.324553  4.472136  0.000000  4.472136  0.000000  2.000000  6.324553  2.000000  2.000000  4.472136  4.472136  0.000000  2.000000  0.000000  4.472136  4.472136  6.324553  0.000000  2.000000  0.000000  6.324553  2.000000  4.472136  4.472136  2.000000  2.000000  6.324553  0.000000  0.000000  4.472136  0.000000
aba  4.000000  0.000000  5.999997  2.000000  0.000000  0.000000  4.000000  0.000000  5.999997  0.000000  2.000000  0.000000  0.000000  4.000000  2.000000  2.000000  5.999997  0.000000  0.000000  5.999997  4.000000  5.999997  4.000000  5.999997  4.000000  2.000000  4.000000  2.000000  0.000000  5.999997  0.000000  0.000000  4.000000  4.000000  2.000000  0.000000  2.000000  4.000000  4.000000  5.999997  2.000000  0.000000  2.000000  5.999997  0.000000  4.000000  4.000000  0.000000  0.000000  5.999997  2.000000  2.000000  4.000000  2.000000
baa  4.472133  5.999997  0.000000  6.324553  5.999997  5.999997  4.472133  5.999997  0.000000  5.999997  6.324553  5.999997  5.999997  4.472133  6.324553  6.324553  0.000000  5.999997  5.999997  0.000000  4.472133  0.000000  4.472133  0.000000  4.472133  6.324553  4.472133  6.324553  5.999997  0.000000  5.999997  5.999997  4.472133  4.472133  6.324553  5.999997  6.324553  4.472133  4.472133  0.000000  6.324553  5.999997  6.324553  0.000000  5.999997  4.472133  4.472133  5.999997  5.999997  0.000000  6.324553  6.324553  4.472133  6.324553
aab  4.000000  0.000000  5.999997  2.000000  0.000000  0.000000  4.000000  0.000000  5.999997  0.000000  2.000000  0.000000  0.000000  4.000000  2.000000  2.000000  5.999997  0.000000  0.000000  5.999997  4.000000  5.999997  4.000000  5.999997  4.000000  2.000000  4.000000  2.000000  0.000000  5.999997  0.000000  0.000000  4.000000  4.000000  2.000000  0.000000  2.000000  4.000000  4.000000  5.999997  2.000000  0.000000  2.000000  5.999997  0.000000  4.000000  4.000000  0.000000  0.000000  5.999997  2.000000  2.000000  4.000000  2.000000
abc  4.000000  0.000000  5.999997  2.000000  0.000000  0.000000  4.000000  0.000000  5.999997  0.000000  2.000000  0.000000  0.000000  4.000000  2.000000  2.000000  5.999997  0.000000  0.000000  5.999997  4.000000  5.999997  4.000000  5.999997  4.000000  2.000000  4.000000  2.000000  0.000000  5.999997  0.000000  0.000000  4.000000  4.000000  2.000000  0.000000  2.000000  4.000000  4.000000  5.999997  2.000000  0.000000  2.000000  5.999997  0.000000  4.000000  4.000000  0.000000  0.000000  5.999997  2.000000  2.000000  4.000000  2.000000
bcc  0.000000  4.000000  4.472133  4.472136  4.000000  4.000000  0.000000  4.000000  4.472133  4.000000  4.472136  4.000000  4.000000  0.000000  4.472136  4.472136  4.472133  4.000000  4.000000  4.472133  0.000000  4.472133  0.000000  4.472133  0.000000  4.472136  0.000000  4.472136  4.000000  4.472133  4.000000  4.000000  0.000000  0.000000  4.472136  4.000000  4.472136  0.000000  0.000000  4.472133  4.472136  4.000000  4.472136  4.472133  4.000000  0.000000  0.000000  4.000000  4.000000  4.472133  4.472136  4.472136  0.000000  4.472136
ccb  0.000000  4.000000  4.472133  4.472136  4.000000  4.000000  0.000000  4.000000  4.472133  4.000000  4.472136  4.000000  4.000000  0.000000  4.472136  4.472136  4.472133  4.000000  4.000000  4.472133  0.000000  4.472133  0.000000  4.472133  0.000000  4.472136  0.000000  4.472136  4.000000  4.472133  4.000000  4.000000  0.000000  0.000000  4.472136  4.000000  4.472136  0.000000  0.000000  4.472133  4.472136  4.000000  4.472136  4.472133  4.000000  0.000000  0.000000  4.000000  4.000000  4.472133  4.472136  4.472136  0.000000  4.472136
cbb  4.472136  2.000000  6.324553  0.000000  2.000000  2.000000  4.472136  2.000000  6.324553  2.000000  0.000000  2.000000  2.000000  4.472136  0.000000  0.000000  6.324553  2.000000  2.000000  6.324553  4.472136  6.324553  4.472136  6.324553  4.472136  0.000000  4.472136  0.000000  2.000000  6.324553  2.000000  2.000000  4.472136  4.472136  0.000000  2.000000  0.000000  4.472136  4.472136  6.324553  0.000000  2.000000  0.000000  6.324553  2.000000  4.472136  4.472136  2.000000  2.000000  6.324553  0.000000  0.000000  4.472136  0.000000
bac  4.000000  0.000000  5.999997  2.000000  0.000000  0.000000  4.000000  0.000000  5.999997  0.000000  2.000000  0.000000  0.000000  4.000000  2.000000  2.000000  5.999997  0.000000  0.000000  5.999997  4.000000  5.999997  4.000000  5.999997  4.000000  2.000000  4.000000  2.000000  0.000000  5.999997  0.000000  0.000000  4.000000  4.000000  2.000000  0.000000  2.000000  4.000000  4.000000  5.999997  2.000000  0.000000  2.000000  5.999997  0.000000  4.000000  4.000000  0.000000  0.000000  5.999997  2.000000  2.000000  4.000000  2.000000
aad  4.472136  2.000000  6.324553  0.000000  2.000000  2.000000  4.472136  2.000000  6.324553  2.000000  0.000000  2.000000  2.000000  4.472136  0.000000  0.000000  6.324553  2.000000  2.000000  6.324553  4.472136  6.324553  4.472136  6.324553  4.472136  0.000000  4.472136  0.000000  2.000000  6.324553  2.000000  2.000000  4.472136  4.472136  0.000000  2.000000  0.000000  4.472136  4.472136  6.324553  0.000000  2.000000  0.000000  6.324553  2.000000  4.472136  4.472136  2.000000  2.000000  6.324553  0.000000  0.000000  4.472136  0.000000
ada  0.000000  4.000000  4.472133  4.472136  4.000000  4.000000  0.000000  4.000000  4.472133  4.000000  4.472136  4.000000  4.000000  0.000000  4.472136  4.472136  4.472133  4.000000  4.000000  4.472133  0.000000  4.472133  0.000000  4.472133  0.000000  4.472136  0.000000  4.472136  4.000000  4.472133  4.000000  4.000000  0.000000  0.000000  4.472136  4.000000  4.472136  0.000000  0.000000  4.472133  4.472136  4.000000  4.472136  4.472133  4.000000  0.000000  0.000000  4.000000  4.000000  4.472133  4.472136  4.472136  0.000000  4.472136
dab  0.000000  4.000000  4.472133  4.472136  4.000000  4.000000  0.000000  4.000000  4.472133  4.000000  4.472136  4.000000  4.000000  0.000000  4.472136  4.472136  4.472133  4.000000  4.000000  4.472133  0.000000  4.472133  0.000000  4.472133  0.000000  4.472136  0.000000  4.472136  4.000000  4.472133  4.000000  4.000000  0.000000  0.000000  4.472136  4.000000  4.472136  0.000000  0.000000  4.472133  4.472136  4.000000  4.472136  4.472133  4.000000  0.000000  0.000000  4.000000  4.000000  4.472133  4.472136  4.472136  0.000000  4.472136
ccc  4.472133  5.999997  0.000000  6.324553  5.999997  5.999997  4.472133  5.999997  0.000000  5.999997  6.324553  5.999997  5.999997  4.472133  6.324553  6.324553  0.000000  5.999997  5.999997  0.000000  4.472133  0.000000  4.472133  0.000000  4.472133  6.324553  4.472133  6.324553  5.999997  0.000000  5.999997  5.999997  4.472133  4.472133  6.324553  5.999997  6.324553  4.472133  4.472133  0.000000  6.324553  5.999997  6.324553  0.000000  5.999997  4.472133  4.472133  5.999997  5.999997  0.000000  6.324553  6.324553  4.472133  6.324553
ccd  4.472136  2.000000  6.324553  0.000000  2.000000  2.000000  4.472136  2.000000  6.324553  2.000000  0.000000  2.000000  2.000000  4.472136  0.000000  0.000000  6.324553  2.000000  2.000000  6.324553  4.472136  6.324553  4.472136  6.324553  4.472136  0.000000  4.472136  0.000000  2.000000  6.324553  2.000000  2.000000  4.472136  4.472136  0.000000  2.000000  0.000000  4.472136  4.472136  6.324553  0.000000  2.000000  0.000000  6.324553  2.000000  4.472136  4.472136  2.000000  2.000000  6.324553  0.000000  0.000000  4.472136  0.000000
cda  4.000000  0.000000  5.999997  2.000000  0.000000  0.000000  4.000000  0.000000  5.999997  0.000000  2.000000  0.000000  0.000000  4.000000  2.000000  2.000000  5.999997  0.000000  0.000000  5.999997  4.000000  5.999997  4.000000  5.999997  4.000000  2.000000  4.000000  2.000000  0.000000  5.999997  0.000000  0.000000  4.000000  4.000000  2.000000  0.000000  2.000000  4.000000  4.000000  5.999997  2.000000  0.000000  2.000000  5.999997  0.000000  4.000000  4.000000  0.000000  0.000000  5.999997  2.000000  2.000000  4.000000  2.000000
daa  4.472136  2.000000  6.324553  0.000000  2.000000  2.000000  4.472136  2.000000  6.324553  2.000000  0.000000  2.000000  2.000000  4.472136  0.000000  0.000000  6.324553  2.000000  2.000000  6.324553  4.472136  6.324553  4.472136  6.324553  4.472136  0.000000  4.472136  0.000000  2.000000  6.324553  2.000000  2.000000  4.472136  4.472136  0.000000  2.000000  0.000000  4.472136  4.472136  6.324553  0.000000  2.000000  0.000000  6.324553  2.000000  4.472136  4.472136  2.000000  2.000000  6.324553  0.000000  0.000000  4.472136  0.000000
acb  4.472133  5.999997  0.000000  6.324553  5.999997  5.999997  4.472133  5.999997  0.000000  5.999997  6.324553  5.999997  5.999997  4.472133  6.324553  6.324553  0.000000  5.999997  5.999997  0.000000  4.472133  0.000000  4.472133  0.000000  4.472133  6.324553  4.472133  6.324553  5.999997  0.000000  5.999997  5.999997  4.472133  4.472133  6.324553  5.999997  6.324553  4.472133  4.472133  0.000000  6.324553  5.999997  6.324553  0.000000  5.999997  4.472133  4.472133  5.999997  5.999997  0.000000  6.324553  6.324553  4.472133  6.324553
cba  4.000000  0.000000  5.999997  2.000000  0.000000  0.000000  4.000000  0.000000  5.999997  0.000000  2.000000  0.000000  0.000000  4.000000  2.000000  2.000000  5.999997  0.000000  0.000000  5.999997  4.000000  5.999997  4.000000  5.999997  4.000000  2.000000  4.000000  2.000000  0.000000  5.999997  0.000000  0.000000  4.000000  4.000000  2.000000  0.000000  2.000000  4.000000  4.000000  5.999997  2.000000  0.000000  2.000000  5.999997  0.000000  4.000000  4.000000  0.000000  0.000000  5.999997  2.000000  2.000000  4.000000  2.000000
ddb  0.000000  4.000000  4.472133  4.472136  4.000000  4.000000  0.000000  4.000000  4.472133  4.000000  4.472136  4.000000  4.000000  0.000000  4.472136  4.472136  4.472133  4.000000  4.000000  4.472133  0.000000  4.472133  0.000000  4.472133  0.000000  4.472136  0.000000  4.472136  4.000000  4.472133  4.000000  4.000000  0.000000  0.000000  4.472136  4.000000  4.472136  0.000000  0.000000  4.472133  4.472136  4.000000  4.472136  4.472133  4.000000  0.000000  0.000000  4.000000  4.000000  4.472133  4.472136  4.472136  0.000000  4.472136
dbb  0.000000  4.000000  4.472133  4.472136  4.000000  4.000000  0.000000  4.000000  4.472133  4.000000  4.472136  4.000000  4.000000  0.000000  4.472136  4.472136  4.472133  4.000000  4.000000  4.472133  0.000000  4.472133  0.000000  4.472133  0.000000  4.472136  0.000000  4.472136  4.000000  4.472133  4.000000  4.000000  0.000000  0.000000  4.472136  4.000000  4.472136  0.000000  0.000000  4.472133  4.472136  4.000000  4.472136  4.472133  4.000000  0.000000  0.000000  4.000000  4.000000  4.472133  4.472136  4.472136  0.000000  4.472136
bbb  4.000000  0.000000  5.999997  2.000000  0.000000  0.000000  4.000000  0.000000  5.999997  0.000000  2.000000  0.000000  0.000000  4.000000  2.000000  2.000000  5.999997  0.000000  0.000000  5.999997  4.000000  5.999997  4.000000  5.999997  4.000000  2.000000  4.000000  2.000000  0.000000  5.999997  0.000000  0.000000  4.000000  4.000000  2.000000  0.000000  2.000000  4.000000  4.000000  5.999997  2.000000  0.000000  2.000000  5.999997  0.000000  4.000000  4.000000  0.000000  0.000000  5.999997  2.000000  2.000000  4.000000  2.000000
bbd  4.000000  0.000000  5.999997  2.000000  0.000000  0.000000  4.000000  0.000000  5.999997  0.000000  2.000000  0.000000  0.000000  4.000000  2.000000  2.000000  5.999997  0.000000  0.000000  5.999997  4.000000  5.999997  4.000000  5.999997  4.000000  2.000000  4.000000  2.000000  0.000000  5.999997  0.000000  0.000000  4.000000  4.000000  2.000000  0.000000  2.000000  4.000000  4.000000  5.999997  2.000000  0.000000  2.000000  5.999997  0.000000  4.000000  4.000000  0.000000  0.000000  5.999997  2.000000  2.000000  4.000000  2.000000
acc  4.472133  5.999997  0.000000  6.324553  5.999997  5.999997  4.472133  5.999997  0.000000  5.999997  6.324553  5.999997  5.999997  4.472133  6.324553  6.324553  0.000000  5.999997  5.999997  0.000000  4.472133  0.000000  4.472133  0.000000  4.472133  6.324553  4.472133  6.324553  5.999997  0.000000  5.999997  5.999997  4.472133  4.472133  6.324553  5.999997  6.324553  4.472133  4.472133  0.000000  6.324553  5.999997  6.324553  0.000000  5.999997  4.472133  4.472133  5.999997  5.999997  0.000000  6.324553  6.324553  4.472133  6.324553
cbc  4.472136  2.000000  6.324553  0.000000  2.000000  2.000000  4.472136  2.000000  6.324553  2.000000  0.000000  2.000000  2.000000  4.472136  0.000000  0.000000  6.324553  2.000000  2.000000  6.324553  4.472136  6.324553  4.472136  6.324553  4.472136  0.000000  4.472136  0.000000  2.000000  6.324553  2.000000  2.000000  4.472136  4.472136  0.000000  2.000000  0.000000  4.472136  4.472136  6.324553  0.000000  2.000000  0.000000  6.324553  2.000000  4.472136  4.472136  2.000000  2.000000  6.324553  0.000000  0.000000  4.472136  0.000000
bca  4.472136  2.000000  6.324553  0.000000  2.000000  2.000000  4.472136  2.000000  6.324553  2.000000  0.000000  2.000000  2.000000  4.472136  0.000000  0.000000  6.324553  2.000000  2.000000  6.324553  4.472136  6.324553  4.472136  6.324553  4.472136  0.000000  4.472136  0.000000  2.000000  6.324553  2.000000  2.000000  4.472136  4.472136  0.000000  2.000000  0.000000  4.472136  4.472136  6.324553  0.000000  2.000000  0.000000  6.324553  2.000000  4.472136  4.472136  2.000000  2.000000  6.324553  0.000000  0.000000  4.472136  0.000000
abb  0.000000  4.000000  4.472133  4.472136  4.000000  4.000000  0.000000  4.000000  4.472133  4.000000  4.472136  4.000000  4.000000  0.000000  4.472136  4.472136  4.472133  4.000000  4.000000  4.472133  0.000000  4.472133  0.000000  4.472133  0.000000  4.472136  0.000000  4.472136  4.000000  4.472133  4.000000  4.000000  0.000000  0.000000  4.472136  4.000000  4.472136  0.000000  0.000000  4.472133  4.472136  4.000000  4.472136  4.472133  4.000000  0.000000  0.000000  4.000000  4.000000  4.472133  4.472136  4.472136  0.000000  4.472136
bbc  4.472136  2.000000  6.324553  0.000000  2.000000  2.000000  4.472136  2.000000  6.324553  2.000000  0.000000  2.000000  2.000000  4.472136  0.000000  0.000000  6.324553  2.000000  2.000000  6.324553  4.472136  6.324553  4.472136  6.324553  4.472136  0.000000  4.472136  0.000000  2.000000  6.324553  2.000000  2.000000  4.472136  4.472136  0.000000  2.000000  0.000000  4.472136  4.472136  6.324553  0.000000  2.000000  0.000000  6.324553  2.000000  4.472136  4.472136  2.000000  2.000000  6.324553  0.000000  0.000000  4.472136  0.000000